DATA
L1 54 20
L2 91 25
L3 89 64
L4 41 52
T4 63 30
T8 1 14
B1 59 79
/
ROUTE
0 0 65
0 77 7
3 39 58
24 57 60
13 8 77
50 1 87
93 28 60
40 5 84
35 4 11
50 72 56
56 85 23
57 26 16
37 57 26
61 69 71
17 22 96
96 17 12
23 41 85
65 29 29
96 32 59
62 53 55
54 34 84
69 57 72
7 63 32
35 11 83
75 48 67
42 23 38
41 11 54
25 59 75
26 70 21
83 5 34
79 98 50
34 93 1
56 34 37
5 76 93
81 48 62
41 13 0
42 55 55
77 11 62
52 78 24
73 96 43
75 13 40
10 18 72
12 32 17
31 69 95
85 88 40
89 97 90
53 45 90
40 51 14
35 58 44
5 92 59
3 81 64
/